AL 0101   179350   203552   239249   269054   284117   306291   366598   471264   523182   579614   657744
AL 0102   253233   357708   460432   601634   647384   745627   808814   836885   916278   908831   967444
AL 0103   193332   239311   265981   290124   323934   324313   309024   325006   391383   406456   451214
AL 0104   167540   192709   219561   253565   281843   332679   355167   367402   446981   481766   551417
AL 0105   184627   200155   206465   206890   214365   208734   204371   214494   250775   263050   312334
AL 0106   375193   374523   340332   360931   375808   372614   381288   358450   389594   388647   402676
AL 0107   398656   470070   494264   516249   530052   498286   477031   492894   531014   534163   562809
AL 0108    76766   100065   121890   147801   175458   273199   364447   377770   444681   478060   541462
AZ 0201     3430     3778     5265     5581     8603     8524     7762    25887    55911    93570   155122
AZ 0202    22735    29196    39873    53760    68672    81594   110701   128784   195230   236290   283820
AZ 0203    13816    16022    24048    28514    26570    25067    29044    36886    68382   108019   167885
AZ 0204     4892    15977    25052    30263    23332    23634    25214    28671    36373    39469    50374
AZ 0205     4148     7737    14908    17827    19343    28046    46313    60931    90713   120929   179964
AZ 0206    28226    43528   105670   172999   214964   374852   726021  1035264  1599737  2238180  3251406
AZ 0207    42619    88116   119346   126629   137777   207870   357106   454477   671869   828771  1042061
AR 0301   133006   124869   131478   128883   132950   137706   134327   174394   239878   277089   393233
AR 0302   102044   109925   108146    97053   102301    89264    67797    80439   124264   132006   159275
AR 0303   175793   234831   283406   326333   354028   352807   300158   296029   339605   340787   371927
AR 0304   187030   222398   228262   207990   220298   195094   177136   208679   264078   283603   334255
AR 0305   162328   209647   238780   272946   299357   344633   389223   458095   570879   607709   688777
AR 0306   169966   215831   266574   282820   292631   285807   258966   249186   250518   236214   246291
AR 0307   114590   131647   145603   148023   147746   123236   104495   109804   129692   127406   135333
AR 0308   146206   171574   182070   214785   212382   195702   178548   170956   180816   171864   172053
AR 0309   120601   153727   167885   175649   187694   185262   175622   175713   186705   174047   172256
CA 0401   145944   180264   195051   234186   271240   419278   616223   749129   941968  1122492  1261635
CA 0402   202124   242237   279422   360225   450337   674957  1014576  1281561  1702495  2260172  2664084
CA 0403    11895    11485    12460    17153    21540    26051    25998    32500    54257    75066    93615
CA 0404   623968   877107  1118992  1530357  1682351  2562206  3465137  4386619  4886568  5674722  6377253
CA 0405   187226   300042   457331   581983   780037  1204794  1512518  1765674  2243925  3006521  3613647
CA 0406   274217   657064  1163325  2557350  3216517  4986328  8041327 10485947 12402577 15741370 17697130
CA 0407    39679   109350   200280   395997   485365   712609  1041425  1251704  1436112  1879678  2164284
CO 0501   167858   229043   264910   277893   273556   302954   385187   469210   556854   635926   801985
CO 0502    76787   115747   123504   125788   153722   157388   178516   193285   293313   335932   464447
CO 0503     6696    29148    43614    42832    36128    35617    30000    28397    29524    27717    29783
CO 0504   264380   395854   475389   547913   610405   782935  1121378  1478744  1972134  2254370  2958506
CO 0505    23979    29232    32212    41365    49485    46195    38866    37623    38139    40449    46540
CT 0601    53910    59681    65054    70635    74519    84787   102976   123806   134402   148952   155900
CT 0602   537240   655662   816706   957536  1018107  1199811  1517501  1818638  1857031  1973893  2029652
CT 0603   317270   399413   498871   578732   616616   722682   914757  1089265  1116143  1164271  1220013
DE 0701   102151   114714   138042   149955   167210   203823   286297   359314   370730   411546   465853
DE 0702    82584    87608    84961    88425    99295   114262   159995   188790   223608   254622   317747
FL 0801   158478   207884   231933   254165   306069   404655   563493   664579   830637  1012973  1222284
FL 0802   198637   259608   297293   363365   428726   556106   748693   889120  1114502  1397861  1710912
FL 0803    76470    99677   120006   199109   244895   340264   650913   924954  1520129  2286255  2934952
FL 0804    68556   139295   221771   387880   473473   693198  1325668  1796787  2541091  3348841  3988895
FL 0805     3452     7321    12888    35930    46274    63102   155471   293251   551465   862950  1177453
FL 0806    12827    26713    73589   220103   390063   697140  1480384  2191192  3152980  3985186  4903143
FL 0807    10122    12121    10990     7659     7914    16840    26938    29560    35520    43860    44739
GA 0901   155216   175045   184593   207177   239342   272221   298285   345991   410375   465485   577068
GA 0902   374584   472738   553559   653841   741942   901277  1173313  1533088  1868688  2454822  3398646
GA 0903   141845   163446   175312   143393   145169   139442   137380   146136   170931   186969   224282
GA 0904   325610   353885   388047   384988   430958   489633   562986   675724   829262   991894  1248322
GA 0905   399246   444160   480981   412303   424571   448783   493121   544384   635339   703687   833483
GA 0906   214864   246600   272910   266405   271389   282651   301962   343936   401681   451062   517317
GA 0907   230391   270169   277865   267446   267274   267818   278422   283549   314335   308685   334897
GA 0908   180220   257122   299721   293605   304161   301930   295020   298066   343670   358448   415145
GA 0909   188355   225956   262844   279348   298917   340823   402627   418701   488824   557164   637293
ID 1001    10190    36276    41611    42907    50533    51245    56353    62825    98592   111772   163434
ID 1002    17663    30084    28836    31587    35268    38115    43870    48764    52098    49964    54903
ID 1003    18352    25560    26704    25386    27584    28948    30417    33656    38600    39671    45019
ID 1004    21675    28668    29412    33819    39663    40633    36672    36393    44400    43298    53496
ID 1005    32877    75460    96004   101367   131896   167681   205130   227877   324530   363775   520119
ID 1006      265      591      974      965     1223     1373     1397     1400     1782     1806     2205
ID 1007     5611    32881    68738    69486    82856    91476    95873    95050   120436   120744   140314
ID 1008     4060     5794     7495     6477     7938     7797     7424     7079     8722     9021     9769
ID 1009    22027    44744    67654    66408    75706    81034   100538   109164   141666   152910   172944
ID 1010    29052    45536    64438    66629    72206    80335    89517    90359   113109   113788   131750
IL 1101   379624   411241   463843   494253   521134   588594   687410   753922   772503   731537   765271
IL 1102  2257971  2879165  3566601  4628214  4750769  5372737  6450073  7247333  7393469  7554977  8432331
IL 1103   277389   274242   264778   260210   263350   262267   268363   276563   281614   256445   255114
IL 1104   362206   382799   407052   456673   485419   541422   611852   667814   718449   678898   707767
IL 1105   266974   280603   294735   307488   319781   367256   426790   464671   474185   459108   471451
IL 1106   398034   452206   490004   514252   527677   562501   613685   651839   675961   667483   692910
IL 1107   343457   354378   338039   315073   345625   326084   319436   318440   344229   329038   337308
IL 1108   285630   327680   343003   355822   379081   404290   452670   491624   497766   493423   494209
IL 1109   250265   276277   317225   298669   304405   287025   250879   241770   268342   259693   262932
IN 1201   177779   227691   307755   418094   463081   571652   762812   836780   864044   820823   861318
IN 1202   284597   310929   335665   398151   410144   478338   560712   601020   629441   652703   712674
IN 1203   258011   270874   287071   313981   327967   370524   437022   507896   546734   568175   635442
IN 1204   268293   292005   303306   293470   297470   323210   344093   373362   396514   396359   432173
IN 1205   611535   666227   754863   842068   897972  1048922  1328044  1536543  1602615  1660428  1899978
IN 1206   209868   218343   229361   245524   267050   303298   337043   369402   369344   342550   342095
IN 1207   346410   366596   377476   378524   401686   427328   429626   444059   477243   473142   501206
IN 1208   210395   208523   200952   218353   224468   250049   277438   320386   367250   387508   425031
IN 1209   149574   139688   133941   130338   137958   160903   185708   204221   237039   242471   270568
IA 1301   214503   225041   260040   268689   277506   276781   277608   266878   268166   249279   253932
IA 1302   175863   172830   197945   202659   212047   212406   212536   199227   196211   177077   172771
IA 1303   275334   274341   289770   301414   319388   343384   375538   392215   403073   365688   374608
IA 1304   220295   210470   225251   232213   228959   218339   209272   195374   189721   171436   173053
IA 1305   346638   373712   432590   464641   489281   530800   585956   619456   647317   651900   720621
IA 1306   312995   320781   345355   358245   379028   426115   497867   568782   609723   600274   652288
IA 1307   201182   188415   193099   202333   193106   187494   188335   180638   182233   168398   173259
IA 1308   250740   238524   238777   219834   217873   198627   185080   181907   195824   186268   196917
IA 1309   234303   220657   221194   220911   221080   227127   225345   219899   221540   206435   208875
KS 1401    44010    54395    54964    61983    53075    49640    46438    43576    41420    37154    35050
KS 1402   168347   167497   155383   147082   130351   114441   101652    89683    83729    73189    68809
KS 1403   275676   292183   300103   317935   305977   318956   341821   355427   358068   359398   360803
KS 1404    17866    34185    33483    40216    34738    36710    35218    33529    32056    29013    26918
KS 1405   150895   171534   180912   187485   193605   193281   212296   196700   201358   194797   201777
KS 1406   297801   303416   311364   344239   341387   390874   521203   624706   698028   800361   932885
KS 1407    21135    51266    63135    85336    68068    86698    94008    98019   107537   122077   141515
KS 1408   171339   244945   271346   319088   322221   393372   518859   516176   539108   569963   620092
KS 1409   323426   371528   398567   377635   351606   321327   307116   288762   302375   291622   300569
KY 1501   507824   528541   517720   508988   534190   513508   532558   557868   623033   626016   659506
KY 1502   568142   606089   633189   682547   747893   857521   994288  1105651  1181238  1170802  1274075
KY 1503   607802   605143   607838   640816   665016   705716   779300   877452  1012066  1080090  1268331
KY 1504   463406   550132   657883   782238   898528   868061   732010   677735   844440   808388   839857
LA 1601   119217   137021   173253   227773   262754   287051   353462   364689   410643   408925   425200
LA 1602   121086   151507   155196   192185   204690   205069   224340   241810   278349   279158   287352
LA 1603    83376    92428   107486   140534   161823   152776   141195   129826   131539   117566   116696
LA 1604    59851    74432    80719    83668    84790    78742    73139   107049   118185   120510   114612
LA 1605   189089   217532   241184   256049   290225   308878   340062   350573   387855   371851   380560
LA 1606   159087   196332   216499   272585   305191   397063   507152   593064   755229   811393   929592
LA 1607    86305   134998   164105   179861   215068   255086   323834   337651   382197   383120   415089
LA 1608   153312   177683   155585   160292   187302   207400   265772   314358   376368   392481   426425
LA 1609   410302   474455   504482   588646   652037   791451  1028066  1202286  1365535  1334969  1373450
ME 1701    75715    91418    99006   105238   112286   115061   126258   112555   113590   110786    97507
ME 1702   296876   322492   333729   352209   369500   397614   421288   432677   485873   521709   527485
ME 1703   321875   328461   335279   339976   365440   401099   421719   446816   525197   595433   649931
MD 1801    70081    75563    75516    76658    77181    83972    92873    98065   115100   133283   156417
MD 1802    65074    67935    65252    63120    64653    65799    71103    73367    80229    89136    95919
MD 1803    45048    43809    43694    41387    43557    66675    91453   122572   174166   235314   288491
MD 1804   407992   472275   608313   695235   922878  1232661  1461745  1860335  1815923  1919460  2024207
MD 1805    35073    31908    29297    27208    26387    26685    30268    32648    39871    48945    56477
MD 1806   729823   805933   919629  1054069  1176244  1484679  1927169  2289145  2417045  2745437  3018686
MD 1807    88056    99685   115524   129114   138595   150200   157164   168877   174603   177628   187488
MD 1808    25615    29307    30007    31604    34840    34508    32870    33900    38371    39165    40860
MA 1901   110559   122433   133531   142443   143872   156889   168971   178812   175577   171545   167648
MA 1902  1474763  1759645  2049228  2320808  2371950  2601942  2923775  3234909  3201048  3340331  3491578
MA 1903  1220024  1484338  1669597  1786363  1800899  1931683  2055832  2275449  2360412  2504549  2689871
MI 2001   191469   241178   242439   228017   224888   203286   201802   202403   216725   207420   202459
MI 2002    69593    84083    89780    90297    98269    98594   103724   101544   102606   106061   114685
MI 2003   146629   162629   130595   115519   127532   133968   137577   156634   206068   228476   278367
MI 2004    83962    94384    85889    77553    91003    99772   118335   143053   179792   194669   219456
MI 2005    94970   104803   119404   138165   152521   184572   217577   231447   248354   253762   284596
MI 2006   155536   155671   157115   144940   166461   185976   222040   266237   321866   334253   379775
MI 2007   257849   269994   276043   289265   312449   353236   416728   465363   496670   469146   476966
MI 2008   349741   404795   445162   550016   583527   707034   908992  1052874  1163591  1261125  1421346
MI 2009   366724   387846   449179   529850   565268   680592   810884   933797  1020647  1040820  1092001
MI 2010   704417   904673  1672686  2678578  2934056  3724609  4685402  5321592  5305608  5199419  5468644
MN 2101   124284   149648   172029   166728   186645   179841   177162   177480   188009   179774   181282
MN 2102    30240    64766    91036    91258   113320   110458   110594   110992   130690   132451   148207
MN 2103    88352   172533   216365   213998   216826   216670   248585   237399   239308   212466   216732
MN 2104   174000   179208   195928   194787   204525   200159   191899   178746   186852   172837   182056
MN 2105   271965   277301   302277   310321   332039   335424   361455   413055   496348   557254   683500
MN 2106   508331   685266   812818   955912  1048773  1210889  1508779  1785771  1858802  2063798  2323929
MN 2107   113870   118296   136440   137970   148939   149433   149582   141834   137320   123604   121954
MN 2108   216799   208911   226520   240146   260507   274213   297891   308650   319295   315323   331475
MN 2109   220067   219779   233712   252833   280726   305396   367917   451044   519346   617592   730344
MS 2201   101117   139423   171672   195432   195903   186610   159401   134315   120141   105655   104058
MS 2202   183053   186300   174991   177792   194388   181596   169807   181612   218327   235675   297255
MS 2203   125014   145580   155354   175294   188564   176153   164354   177824   214695   222240   250688
MS 2204   154316   185241   211985   254411   268724   253821   235640   202707   199862   184184   182701
MS 2205   220868   239781   209998   235057   261918   237453   222883   222310   270042   294760   352999
MS 2206   199268   213836   198611   220332   234972   220843   213134   213208   236845   242232   257538
MS 2207   268984   272775   234434   262393   297501   320790   355626   372976   418570   414889   419065
MS 2208    96398   140351   145273   158692   176119   169592   156695   152599   177414   184865   203471
MS 2209   145706   194057   196777   224519   247192   265757   268810   268695   302838   307082   327909
MS 2210    56546    79770    91523   105899   118515   166299   231791   290666   361904   381634   448974
MO 2301   831038   829706   893482   979859   966586  1000460  1093314  1155816  1171383  1185552  1265201
MO 2302  1073348  1206640  1283024  1420475  1479991  1650515  1871524  2064069  2031950  2083755  2198238
MO 2303   342339   327381   311505   300617   294610   273541   291847   314990   368541   403602   472883
MO 2304   425471   430548   408928   405643   432308   423634   425405   468141   570270   637079   779640
MO 2305   345258   371699   363512   357891   400561   394821   452990   520189   612705   655022   729367
MO 2306    89211   127361   143604   164882   210608   211682   184733   153296   161837   152063   149882
MT 2401    52636    83003    96996   100468   119652   137018   153868   179473   221575   232666   285004
MT 2402    75688    89896    95940    89949    90025    86639    88754    92255   100624   105524   126851
MT 2403    16110    26812    65420    67023    69868    68591    77371    67884    68413    67389    68031
MT 2404    57367    76201   109866   101720    99678   111242   134516   143593   154349   153684   166577
MT 2405    24179    51678    77747    74679    85994    98417   120723   124429   149960   158029   179987
MT 2406     6803    26364    64012    65777    62596    56416    67120    56454    57354    50305    46386
MT 2407     7886    22099    38908    37938    31652    32686    32426    30304    34413    31482    29411
NE 2501    32436    53461    84716   102958   101094   101912   104313    94759    98189    90999    90363
NE 2502    43838    64251    69696    64140    61926    51395    46595    41092    41449    36895    34221
NE 2503   144850   163000   172518   181859   166718   155785   147808   144225   148910   140545   146376
NE 2505    98239   119160   126550   130977   121235   120536   119080   126694   136268   134005   146379
NE 2506   412491   450630   495047   539646   536852   587061   708533   804681   871332   924332  1040820
NE 2507    45814    58036    72194    82520    77473    76033    72824    70528    79040    71438    72038
NE 2508    87803    89643    87954    88651    76952    78487    72679    71756    70177    66031    67337
NE 2509   200829   194033   187697   187212   173584   154301   139498   129758   124460   114140   113729
NV 2601    24803    38994    39648    47219    55807    74860   120359   171894   286924   380396   517889
NV 2602    11136    19189    19851    24777    26394    23822    24150    27720    30708    50603    61911
NV 2603     5229    15143     8623     7517     8789    10629    10655    11946    13542    17612    21572
NV 2604     1167     8549     9285    11545    19257    50772   130114   277178   469319   753222  1396885
NH 2701    43264    44814    49763    53375    54314    52093    53613    52835    57421    60227    60863
NH 2702   368324   385758   393320   411918   437210   481149   553308   684846   863189  1049025  1174923
NJ 2801  1312080  1816361  2259595  2871047  2940874  3327865  3974241  4493935  4366375  4399595  4776329
NJ 2802   542523   687289   859219  1118205  1162207  1427590  1973379  2508995  2814435  3126955  3410745
NJ 2803    29066    33517    37086    52082    57084    79874   119162   165234   184013   203638   227276
NM 2901     6002    22789    23631    37111    42886    47777    92388    97620   140048   154855   191671
NM 2902    78622    92579   101969   105369   129070   139320   138571   148039   181783   220878   274718
NM 2903     6170    52328    48110    55893    60977    66584    71189    75035    76192    76869    80460
NM 2904    12934    15023    21601    21740    24356    24450    21093    23654    28346    52416    58516
NM 2905    58026    62961    70875    89074   122601   198288   333711   392388   537718   617584   749124
NM 2906     7737    21323    21394    21493    25849    25528    35095    36837    47236    56016    76233
NM 2907    13431    40177    35936    51445    81803   122186   170452   141515   161892   168619   175463
NM 2908    12388    20121    36834    41192    44276    57054    88524   100912   129679   167832   212861
NY 3001   240205   241515   250276   263006   266203   294486   314637   323397   328636   323608   318546
NY 3002   393746   400700   425942   466066   495522   547238   613186   670101   703289   725643   725220
NY 3003    64283    63674    62076    63631    62991    63966    66727    67557    69566    72949    74691
NY 3004  3570232  4946951  5124398  6129296  6664387  7389574  8324124  8976191  8508480  8727987  9429541
NY 3005  1007391  1187371  1978973  2789369  3032706  3254021  3636877  4063292  3894228  4063000  4359020
NY 3006   271374   308446   345431   363604   365000   389086   433295   443989   424592   419352   401815
NY 3007    82873    86534    80609    85794    93808    95052   115830   117568   128351   136027   132614
NY 3008   116703   118626   116302   120546   119723   127690   139646   139831   142705   141856   144961
NY 3009  1078293  1282552  1489713  1737592  1799399  2008283  2366777  2570265  2474328  2466188  2474493
NY 3010   443794   477245   511507   569162   579403   660796   771205   864776   883897   913845   915556
NC 3101   240341   268798   302784   374055   430181   459815   466159   507472   590516   633300   751193
NC 3102   119545   132348   148291   170598   196240   209478   213777   235900   280346   293493   331534
NC 3103   307048   361660   441794   590390   671177   784590   915624  1024266  1156941  1283513  1531099
NC 3104   234283   278800   317984   393149   449204   520918   613977   750743   911144  1109161  1457861
NC 3105   270028   315332   380198   515527   579088   674659   784064   921886  1063285  1230834  1560297
NC 3106   255287   308803   354401   418968   490011   599346   699870   788640   923897  1037795  1229733
NC 3107   237034   275825   323935   375840   408425   449922   497864   505526   578427   641004   755306
NC 3108   230244   264721   289736   331749   347297   363201   364820   347626   377210   399537   432290
ND 3201     9503    70815    85731    93463    78958    78543    95259    99353    99168    95073    92268
ND 3202    33853    66977    63213    63569    61778    54885    49965    44652    43432    39599    38470
ND 3203    98450   112397   113041   116472   117115   113214   116019   119831   122026   120707   110733
ND 3204     7685    34226    48484    51271    46596    44920    37428    31153    36534    33556    29949
ND 3205    26438    54379    66052    67667    59730    56851    54545    48044    46061    40622    38077
ND 3206    65089    77918    86598    93413    94404    97156   103403   105253   118036   129237   147677
ND 3207     8597    39277    44607    47151    40488    39862    39993    37811    40577    37266    34862
ND 3208    20669    48053    58398    66634    67192    65340    73133    76552    93295    95465   105341
ND 3209    48862    73014    80748    81205    75674    68865    62701    55112    53588    47275    44823
OH 3301   469213   494769   574139   639642   645757   722993   839605   915906   941184   937666   948054
OH 3302   285360   313350   337613   373959   381618   452011   578582   640209   670630   658830   677071
OH 3303   687476   937991  1464034  1839259  1878799  2211772  2776905  3031175  2863656  2775641  2843702
OH 3304   313651   321861   336314   336927   347434   387234   444938   496873   522669   529902   545816
OH 3305   416839   490476   559184   645070   684680   826272  1071730  1270309  1374318  1504550  1714244
OH 3306   177868   184850   195089   212645   231278   265882   323321   357943   387309   392188   425588
OH 3307   373727   478630   635124   751404   785907   865164   990600  1028465  1035337   981352   992821
OH 3308   794313   881680   974143  1158971  1234210  1514154  1950370  2186008  2202046  2281069  2389912
OH 3309   263525   257121   263649   282940   305278   303472   324261   312016   352419   353203   365544
OH 3310   375573   406393   420105   405880   412651   397673   406085   413113   448062   432714   450388
OK 3401    18629    56255    50981    49513    37357    39737    37213    37248    38739    34522    36959
OK 3402   127215   159672   159474   182791   175324   171787   162112   161169   176313   161857   161579
OK 3403    80250   201168   335480   424347   434780   460891   550592   622985   766380   815630   921156
OK 3404    59486   112004    98089   132603   107953    91023    79552    72209    83087    78427    77773
OK 3405   217919   392094   475551   698047   664029   691389   770963   914471  1104065  1205022  1349891
OK 3406    86938   238336   302993   299781   298592   259980   223143   234993   275254   280816   311250
OK 3407    82590   175802   173070   218542   185009   177173   201799   213480   218176   209110   209779
OK 3408    82903   227165   286851   261305   284538   231151   214404   207452   246018   245133   260072
OK 3409    34524    94659   145794   129111   148852   110220    88506    95222   117258   115068   122195
OR 3501    36072    52372    68018    80298    95255   130088   152722   157499   190558   195244   214017
OR 3502   236818   422978   505906   624409   705458  1005334  1179727  1460122  1804015  1978498  2397830
OR 3503    35081    54058    48374    65346    77034   137022   169104   198667   280672   299263   352718
OR 3504      310      741      852     1043     1312     1917     2394     3214     4443     4950     5928
OR 3505        0        0      342      524      662      775      821     1082     2208     2663     4099
OR 3506    44319    58974    63569    59635    62542    82445    90298    88303   108759   109526   129953
OR 3507    13460    26671    35412    63106    77797    90573   100307   111545   159679   172120   228385
OR 3508    43273    48370    50009    48156    49857    49964    50550    47784    55875    54019    56854
OR 3509     4203     8601    10907    11269    19767    23223    22764    23169    26896    26038    31615
PA 3601   517098   668534   740528   823778   814492   725468   664044   669278   701504   718520   772229
PA 3602   409454   505123   578411   636971   632430   635575   646616   670668   701657   736582   776763
PA 3603  2179151  2566108  2982985  3380596  3477309  3910473  4454621  4806285  4700947  4844099  5071607
PA 3604   252725   280629   295154   331613   355388   409738   493708   577055   660490   720252   800331
PA 3605   331224   365826   381566   411222   424219   435110   442984   454154   487701   500025   513777
PA 3606   175341   159840   146491   135292   141111   140134   145189   154080   170343   172003   176364
PA 3607   193968   213681   223762   205163   221620   230731   243250   256990   281001   280515   298678
PA 3608   272320   359963   412100   426682   445026   439068   431371   413252   420901   398601   390887
PA 3609  1483055  2014906  2382498  2679018  2761112  2893379  3076694  3060419  2971840  2773596  2737037
PA 3610   487779   530501   576522   601015   627473   678336   720889   731728   767511   737450   743381
RI 3701   428556   542610   604397   687497   713346   791896   859488   946725   947154  1003464  1048319
SC 3801     5519     6898     8587    10951    12624    15154    18383    20830    25004    28054    33146
SC 3802   291119   358447   402586   468341   515109   578393   637415   705562   839632   937332  1082205
SC 3803   147047   159003   168211   168167   181611   195740   204210   214352   251522   285538   337665
SC 3804   222036   259650   296260   317255   363760   396621   405638   400013   488918   533334   619456
SC 3805   174571   194087   206051   190729   192826   192505   217068   231830   262748   285821   330622
SC 3806   216614   260622   306350   308879   333587   386258   470033   528545   640463   701614   802096
SC 3807   283410   276693   295679   274443   300287   352356   429847   489384   613533   715010   806822
SD 3901     3028    20878    22696    25193    20695    20096    19711    17066    17576    16264    16914
SD 3902    22303    37015    47058    54573    45161    41616    39754    36082    32756    28598    27917
SD 3903    58650    78525    87303    88196    84161    82908    78540    75983    73670    68378    66762
SD 3904    29661    45231    35546    44737    51034    56886    70765    71709    83318    91756    99556
SD 3905     4901    11564    22844    33317    32897    35226    46589    48680    59614    62826    69498
SD 3906    17673    46394    34303    37224    30815    30987    36978    32686    33482    32655    34692
SD 3907    98316   138671   154456   158610   141028   140565   138118   127598   123078   119255   123619
SD 3908     2214    25260    31890    36142    29943    25951    24026    24156    23409    23222    22824
SD 3909   148781   173199   200451   214857   207227   217996   226380   230158   243865   253050   293062
TN 4001   581611   667449   753054   895820  1025936  1206399  1298079  1409475  1674511  1732171  1986533
TN 4002   179478   194190   207002   216348   241596   259371   254361   269684   333387   349408   413050
TN 4003   696483   712254   725552   757004   833551   888550   970699  1092211  1322262  1487457  1847614
TN 4004   557637   605686   652277   747384   814758   937398  1043950  1152317  1260960  1308149  1442086
TX 4101    23660    99224   132252   361200   398900   555535   792196   773529   867488   889448   945356
TX 4102    86377   270873   328078   435401   390444   423632   435870   389489   404445   397438   412316
TX 4103  1214247  1419678  1609608  1721852  1776169  2059459  2559137  3252157  4028071  5153272  6585992
TX 4104   766610   842527   951626   971700  1090152   985133   946515  1043668  1412677  1630462  1956322
TX 4105    38282    77267   135774   189962   208893   312777   491163   531031   677299   793748   879888
TX 4106   108614   158510   150230   204015   210432   230627   236185   248791   315813   363108   432517
TX 4107   496598   579409   694669   872377   973356  1236355  1540823  1794665  2201147  2675355  3324037
TX 4108   221022   319581   471414   738827   967661  1383167  1992812  2588392  3502335  4051609  4916511
TX 4109    70427    88712   115139   165058   197325   219501   234607   239264   312175   374375   479578
TX 4110    22873    40761    74438   164323   201492   305008   350369   335744   507741   657695   919303
UT 4201     5750     6434     9430     9681     9373     9218     7876     7059     8894    10934    12351
UT 4202     4603     5113     6751     7405     9251     9817    10251    13642    26014    48464    90176
UT 4203   150872   221906   264462   312605   341965   460456   636060   777944  1052432  1239579  1576700
UT 4204    50655    54174    61290    59158    61255    56971    50713    49878    68078    76395   104904
UT 4205    46933    60429    63845    73910    79633    98848   127772   155814   221805   265732   358116
UT 4206     6458     7050    17563    17298    18856    18434    18761    19983    33071    34856    39595
UT 4207    11478    18245    26055    27790    29977    35118    39194    34953    50743    46890    51327
VT 4301   135512   143182   139070   141113   136222   137494   134190   143622   165770   179095   193584
VT 4302   145318   148458   146962   152097   154306   167698   180689   219871   253261   282872   308327
VT 4303    62811    64316    66396    66401    68703    72555    75002    80837    92425   100791   106916
VA 4401   466154   539608   619914   637364   739694   908255  1146972  1415618  1568953  1854792  2058351
VA 4402   364085   407213   460347   477537   505679   577679   662863   751720   866154  1003752  1194526
VA 4403   332397   355841   375327   392890   426804   453915   489998   528888   602151   623633   678550
VA 4404   213277   219475   229100   249363   312298   496355   768020  1075829  1300464  1695386  2076302
VA 4405   179164   206281   227702   269677   290259   326635   366062   409262   451974   469048   512267
VA 4406   289392   337808   369521   400766   467148   507516   481422   467177   557122   540747   558519
WA 4501    20746    43900    54182    68247    64444    66118    65264    71576    81809    82771    89695
WA 4502     7952    13011    13832    17978    19548    27759    35422    44647    70107    90045   107771
WA 4503   245512   574666   733878   853929   942515  1325588  1649069  2084844  2458571  3010920  3616713
WA 4504    50928    98123   115235   160924   185784   255542   284373   363288   490771   584586   762776
WA 4505     2578     4384     3933     4551     6237     6791     7597     8173    10679    11455    13591
WA 4506     8887    19356    21538    25144    29064    33553    33245    35290    39010    42882    52531
WA 4507    19393    37757    39816    38921    45280    52627    54321    53958    62366    67162    80701
WA 4508    50832   134377   155658   172186   207569   314222   373365   382313   480466   517647   638277
WA 4509    70366   163555   168272   173788   188406   241564   294244   301311   369366   390728   457571
WA 4510    40909    52861    50277    47728    47344    55199    56314    63769    69011    68496    74495
WV 4601   168577   192088   213678   255533   266400   264964   279889   284378   297812   264230   255281
WV 4602   223085   267498   318341   348406   361016   359724   319108   311620   348161   322459   329002
WV 4603   242156   310270   399987   502601   578183   653920   640372   591234   642302   587418   583556
WV 4604   148033   215478   249192   289984   332271   345317   282259   247867   297197   267685   268744
WV 4605    86959   137883   177006   223443   246869   265765   221049   186596   209632   175262   163053
WV 4606    89990    97902   105497   109238   117235   115862   117744   122542   154540   176423   208708
WI 4701   171844   211343   244798   244657   261542   263174   260203   272233   310170   320629   351396
WI 4702   146079   179084   212191   214742   230412   227775   231329   241194   276272   280070   305694
WI 4703    97224   119604   131534   131205   139425   134186   127213   129486   143759   147950   163836
WI 4704   212795   210520   214191   220963   229539   236846   242837   263333   301284   317794   356975
WI 4705   156801   165299   170737   166103   177385   182686   191889   216765   253572   266079   292562
WI 4706   346913   373138   405074   454372   491099   547691   636799   742120   789353   834249   932353
WI 4707   179563   176212   177526   172856   181123   181057   177121   180253   191291   190810   206116
WI 4708   254738   266240   290958   326517   357827   418948   509265   615051   673976   722841   821015
WI 4709   503177   632537   785178  1007716  1069367  1242339  1575254  1757435  1766241  1811493  1933877
WY 4801       57      817     1123     1265     1714     2335     2598     2666     3250     3480     3872
WY 4802     3134     5808     7022     8094     8294     7638     8104     9653    16163    18230    26399
WY 4803    17544    22749    25716    31484    33943    35807    33158    33056    64661    67938    69700
WY 4804     4639    13495    26667    27898    33010    38829    41783    37762    45438    43375    46500
WY 4805     7505    19834    22970    21974    24513    25258    25039    24033    32580    30416    34405
WY 4806     3778     7484    11399    12623    12175    10661    11820    18050    29774    34374    39086
WY 4807     2562     3968     4017     4144     4336     5693     6702     5787     7049     6851     7187
WY 4808    24985    36072    61257    78173    84217   102232   126230   120695   162983   152787   166841
WY 4809     5357    11822    11865    10538    16136    19626    26224    28396    39042    33704    35847
WY 4810    22970    23916    22366    29372    32404    42450    48408    52318    68617    62433    63945
