OK 1 21.0 56.8109589041
OK 2 31.96 58.9205479452
OK 3 42.84 59.3561643836
TN 3 55.34 58.295890411
TN 2 57.05 56.8767123288
TN 1 51.13 57.2383561644
TN 4 54.0 59.7232876712
TX 1 19.64 58.7315068493
AR 1 47.27 57.5178082192
AR 3 48.55 60.301369863
OK 5 37.31 60.4712328767
OK 4 29.17 59.2657534247
OK 6 46.14 60.8054794521
AR 4 48.83 60.5506849315
TX 2 24.51 63.0410958904
OK 7 30.75 61.4301369863
AR 5 52.72 61.3726027397
AR 6 50.8 61.8520547945
OK 9 50.76 61.6082191781
MS 3 58.42 61.1369863014
MS 2 56.97 61.2328767123
OK 8 39.66 62.2794520548
MS 1 55.1 62.7095890411
AR 7 54.38 62.2767123288
AR 9 54.62 63.2410958904
AR 8 54.16 62.9452054795
TX 3 35.23 65.2547945205
MS 6 57.52 63.0630136986
TX 4 48.08 65.6794520548
MS 5 58.27 63.1890410959
LA 1 52.86 64.9123287671
LA 2 56.83 64.8630136986
LA 3 57.55 65.3835616438
MS 7 61.37 65.1424657534
MS 9 59.09 64.8465753425
MS 8 62.47 65.4109589041
LA 4 56.16 65.6630136986
TX 5 13.19 64.4246575342
TX 6 24.73 66.1479452055
LA 5 61.03 67.0246575342
LA 6 64.05 67.2630136986
MS 10 65.68 67.2273972603
LA 7 61.56 68.1068493151
TX 7 36.21 69.6164383562
LA 8 63.24 68.5863013699
TX 8 50.31 69.7260273973
LA 9 64.27 69.3561643836
LA 9 64.27 69.3561643836
LA 9 64.27 69.3561643836
TX 9 24.08 72.1643835616
TX 10 25.43 74.3095890411
AR 2 46.65 58.3287671233
MS 4 57.17 64.3342465753
